{
 "cells": [
  {
   "cell_type": "code",
   "execution_count": 2,
   "metadata": {},
   "outputs": [],
   "source": [
    "import numpy as np\n",
    "import os\n",
    "import scipy.io as sio\n",
    "\n",
    "from scipy.optimize import linear_sum_assignment\n",
    "from scipy.spatial import distance\n"
   ]
  },
  {
   "cell_type": "code",
   "execution_count": 14,
   "metadata": {},
   "outputs": [
    {
     "name": "stdout",
     "output_type": "stream",
     "text": [
      "{'C': array([[ 5.83946277e-01, -1.82261558e-03, -1.72499417e-03, ...,\n",
      "         1.52989333e-04,  9.74876573e-05,  4.69743582e-06],\n",
      "       [-1.82261558e-03,  5.83694482e-01, -1.49624760e-03, ...,\n",
      "        -2.71981816e-04,  4.40401566e-05,  1.48237634e-05],\n",
      "       [-1.72499417e-03, -1.49624760e-03,  5.84020376e-01, ...,\n",
      "        -4.33680565e-06,  4.98653653e-05,  2.27910545e-05],\n",
      "       ...,\n",
      "       [ 1.52989333e-04, -2.71981816e-04, -4.33680565e-06, ...,\n",
      "         5.83504014e-01, -5.80117221e-05,  2.28329226e-05],\n",
      "       [ 9.74876573e-05,  4.40401566e-05,  4.98653653e-05, ...,\n",
      "        -5.80117221e-05,  5.83431158e-01, -7.40518634e-06],\n",
      "       [ 4.69743582e-06,  1.48237634e-05,  2.27910545e-05, ...,\n",
      "         2.28329226e-05, -7.40518634e-06,  5.83431101e-01]])}\n",
      "{'C': array([[ 5.84479523e-01, -1.71654747e-03, -2.53551920e-03, ...,\n",
      "        -5.40746153e-04,  6.10418489e-05,  9.90785629e-06],\n",
      "       [-1.71654747e-03,  5.83825259e-01, -2.13059981e-03, ...,\n",
      "         5.34478074e-04,  3.12614467e-05, -5.45353082e-06],\n",
      "       [-2.53551920e-03, -2.13059981e-03,  5.84691278e-01, ...,\n",
      "         1.53714971e-04,  2.45273999e-05, -2.03743475e-06],\n",
      "       ...,\n",
      "       [-5.40746153e-04,  5.34478074e-04,  1.53714971e-04, ...,\n",
      "         5.83597751e-01, -2.02146599e-05, -3.54173130e-05],\n",
      "       [ 6.10418489e-05,  3.12614467e-05,  2.45273999e-05, ...,\n",
      "        -2.02146599e-05,  5.83431778e-01, -3.79521290e-06],\n",
      "       [ 9.90785629e-06, -5.45353082e-06, -2.03743475e-06, ...,\n",
      "        -3.54173130e-05, -3.79521290e-06,  5.83431268e-01]])}\n",
      "{'C': array([[ 5.85858381e-01, -3.43773436e-03, -3.91372095e-03, ...,\n",
      "        -4.42940984e-05,  2.47130653e-05,  9.13856797e-05],\n",
      "       [-3.43773436e-03,  5.84077833e-01, -1.95344580e-03, ...,\n",
      "        -1.28967213e-05, -1.74570298e-05,  5.87554155e-05],\n",
      "       [-3.91372095e-03, -1.95344580e-03,  5.85262702e-01, ...,\n",
      "        -2.93959613e-04,  1.64694387e-07,  1.08380785e-04],\n",
      "       ...,\n",
      "       [-4.42940984e-05, -1.28967213e-05, -2.93959613e-04, ...,\n",
      "         5.83489142e-01, -3.43973822e-06,  4.07839141e-07],\n",
      "       [ 2.47130653e-05, -1.74570298e-05,  1.64694387e-07, ...,\n",
      "        -3.43973822e-06,  5.83431069e-01, -1.90291714e-06],\n",
      "       [ 9.13856797e-05,  5.87554155e-05,  1.08380785e-04, ...,\n",
      "         4.07839141e-07, -1.90291714e-06,  5.83431460e-01]])}\n",
      "{'C': array([[ 5.84475154e-01, -1.72044397e-03, -1.37945738e-03, ...,\n",
      "        -7.84274514e-04, -3.30717456e-05,  2.57559899e-05],\n",
      "       [-1.72044397e-03,  5.83942379e-01, -5.40821119e-04, ...,\n",
      "        -2.76772432e-04, -1.22973314e-05,  4.93144204e-05],\n",
      "       [-1.37945738e-03, -5.40821119e-04,  5.84576490e-01, ...,\n",
      "        -2.88871706e-04, -3.25708772e-05, -6.20971686e-06],\n",
      "       ...,\n",
      "       [-7.84274514e-04, -2.76772432e-04, -2.88871706e-04, ...,\n",
      "         5.84186778e-01, -1.31030177e-04, -2.95225172e-05],\n",
      "       [-3.30717456e-05, -1.22973314e-05, -3.25708772e-05, ...,\n",
      "        -1.31030177e-04,  5.83436369e-01, -8.96263230e-06],\n",
      "       [ 2.57559899e-05,  4.93144204e-05, -6.20971686e-06, ...,\n",
      "        -2.95225172e-05, -8.96263230e-06,  5.83432154e-01]])}\n",
      "{'C': array([[ 5.83985615e-01, -1.42759820e-03, -1.54352188e-03, ...,\n",
      "        -5.18498620e-04,  3.06471055e-05,  2.57708074e-05],\n",
      "       [-1.42759820e-03,  5.84244991e-01, -2.62089238e-03, ...,\n",
      "         3.84147729e-05, -7.08184703e-05, -3.56370304e-05],\n",
      "       [-1.54352188e-03, -2.62089238e-03,  5.85424918e-01, ...,\n",
      "        -9.06363437e-05,  5.63860927e-05,  7.99641211e-05],\n",
      "       ...,\n",
      "       [-5.18498620e-04,  3.84147729e-05, -9.06363437e-05, ...,\n",
      "         5.84429255e-01, -1.51243060e-04,  8.89800355e-06],\n",
      "       [ 3.06471055e-05, -7.08184703e-05,  5.63860927e-05, ...,\n",
      "        -1.51243060e-04,  5.83434135e-01, -8.72851459e-06],\n",
      "       [ 2.57708074e-05, -3.56370304e-05,  7.99641211e-05, ...,\n",
      "         8.89800355e-06, -8.72851459e-06,  5.83433010e-01]])}\n",
      "{'C': array([[ 5.84113078e-01, -2.03310316e-03, -2.00864061e-03, ...,\n",
      "        -1.64927996e-04,  1.41962946e-05,  1.39232815e-05],\n",
      "       [-2.03310316e-03,  5.84669665e-01, -4.31537119e-03, ...,\n",
      "         1.28271435e-03,  5.58854625e-05,  1.44775411e-04],\n",
      "       [-2.00864061e-03, -4.31537119e-03,  5.85239785e-01, ...,\n",
      "        -2.10645831e-04, -2.15896872e-05, -2.31151948e-05],\n",
      "       ...,\n",
      "       [-1.64927996e-04,  1.28271435e-03, -2.10645831e-04, ...,\n",
      "         5.84058212e-01, -2.18685263e-04, -5.91157301e-04],\n",
      "       [ 1.41962946e-05,  5.58854625e-05, -2.15896872e-05, ...,\n",
      "        -2.18685263e-04,  5.83437201e-01, -4.25609141e-05],\n",
      "       [ 1.39232815e-05,  1.44775411e-04, -2.31151948e-05, ...,\n",
      "        -5.91157301e-04, -4.25609141e-05,  5.83440707e-01]])}\n",
      "{'C': array([[ 5.85789102e-01, -7.07637488e-03, -4.65427193e-03, ...,\n",
      "        -1.75335716e-04, -4.57604079e-05, -1.31920984e-04],\n",
      "       [-7.07637488e-03,  5.86761498e-01, -6.99357612e-03, ...,\n",
      "        -9.67502909e-04, -1.05493891e-04, -1.52092493e-04],\n",
      "       [-4.65427193e-03, -6.99357612e-03,  5.86394893e-01, ...,\n",
      "        -2.41760385e-04,  8.25323442e-05, -8.87039309e-05],\n",
      "       ...,\n",
      "       [-1.75335716e-04, -9.67502909e-04, -2.41760385e-04, ...,\n",
      "         5.83488869e-01, -3.35146175e-05, -7.11832503e-05],\n",
      "       [-4.57604079e-05, -1.05493891e-04,  8.25323442e-05, ...,\n",
      "        -3.35146175e-05,  5.83433100e-01, -2.45209995e-05],\n",
      "       [-1.31920984e-04, -1.52092493e-04, -8.87039309e-05, ...,\n",
      "        -7.11832503e-05, -2.45209995e-05,  5.83432158e-01]])}\n",
      "{'C': array([[ 5.85697921e-01, -7.31811240e-03, -1.73404485e-03, ...,\n",
      "         4.14134131e-04, -7.25896089e-05, -6.56221944e-05],\n",
      "       [-7.31811240e-03,  5.86209270e-01, -4.01602611e-03, ...,\n",
      "        -6.70215419e-04, -3.25575840e-05, -3.42792388e-05],\n",
      "       [-1.73404485e-03, -4.01602611e-03,  5.86684358e-01, ...,\n",
      "        -7.33660395e-04,  8.62682216e-05,  5.25612841e-06],\n",
      "       ...,\n",
      "       [ 4.14134131e-04, -6.70215419e-04, -7.33660395e-04, ...,\n",
      "         5.83614224e-01, -5.26827135e-05, -1.83082387e-04],\n",
      "       [-7.25896089e-05, -3.25575840e-05,  8.62682216e-05, ...,\n",
      "        -5.26827135e-05,  5.83433497e-01, -1.12392093e-05],\n",
      "       [-6.56221944e-05, -3.42792388e-05,  5.25612841e-06, ...,\n",
      "        -1.83082387e-04, -1.12392093e-05,  5.83434276e-01]])}\n",
      "{'C': array([[ 5.84265232e-01, -3.73334536e-03, -2.80973930e-03, ...,\n",
      "         7.11304750e-05, -1.13356185e-05, -1.11597348e-04],\n",
      "       [-3.73334536e-03,  5.84992890e-01, -4.08847776e-03, ...,\n",
      "        -2.10123295e-04,  5.95178906e-05,  1.69802369e-04],\n",
      "       [-2.80973930e-03, -4.08847776e-03,  5.84926163e-01, ...,\n",
      "        -7.37737415e-04,  5.88233043e-05,  3.31918000e-05],\n",
      "       ...,\n",
      "       [ 7.11304750e-05, -2.10123295e-04, -7.37737415e-04, ...,\n",
      "         5.84363420e-01,  1.30309436e-04, -4.04287389e-04],\n",
      "       [-1.13356185e-05,  5.95178906e-05,  5.88233043e-05, ...,\n",
      "         1.30309436e-04,  5.83436935e-01, -2.20688639e-05],\n",
      "       [-1.11597348e-04,  1.69802369e-04,  3.31918000e-05, ...,\n",
      "        -4.04287389e-04, -2.20688639e-05,  5.83441994e-01]])}\n",
      "{'C': array([[ 5.85038387e-01, -3.09723757e-03,  1.06554152e-03, ...,\n",
      "         1.66766657e-05, -8.25048309e-05,  3.14026880e-04],\n",
      "       [-3.09723757e-03,  5.93614561e-01, -3.29773326e-03, ...,\n",
      "        -1.43609077e-03, -4.10797473e-05,  7.90084506e-05],\n",
      "       [ 1.06554152e-03, -3.29773326e-03,  5.87578864e-01, ...,\n",
      "        -4.62744164e-04, -2.50380607e-05,  3.82092395e-05],\n",
      "       ...,\n",
      "       [ 1.66766657e-05, -1.43609077e-03, -4.62744164e-04, ...,\n",
      "         5.84113324e-01, -5.47988061e-05, -3.87979614e-04],\n",
      "       [-8.25048309e-05, -4.10797473e-05, -2.50380607e-05, ...,\n",
      "        -5.47988061e-05,  5.83445055e-01, -1.61666783e-05],\n",
      "       [ 3.14026880e-04,  7.90084506e-05,  3.82092395e-05, ...,\n",
      "        -3.87979614e-04, -1.61666783e-05,  5.83443741e-01]])}\n",
      "{'C': array([[ 5.84587992e-01, -7.26816018e-03, -4.63661713e-03, ...,\n",
      "         2.94466488e-04,  1.32643260e-04,  4.52381866e-04],\n",
      "       [-7.26816018e-03,  5.85813510e-01, -9.79078717e-03, ...,\n",
      "         1.06100555e-03,  1.32444966e-04, -7.84120283e-04],\n",
      "       [-4.63661713e-03, -9.79078717e-03,  5.88594501e-01, ...,\n",
      "         7.21418201e-04,  1.30731265e-04,  1.50556883e-03],\n",
      "       ...,\n",
      "       [ 2.94466488e-04,  1.06100555e-03,  7.21418201e-04, ...,\n",
      "         5.84706153e-01, -7.50497684e-04, -1.65924466e-03],\n",
      "       [ 1.32643260e-04,  1.32444966e-04,  1.30731265e-04, ...,\n",
      "        -7.50497684e-04,  5.83469111e-01, -5.83495967e-04],\n",
      "       [ 4.52381866e-04, -7.84120283e-04,  1.50556883e-03, ...,\n",
      "        -1.65924466e-03, -5.83495967e-04,  5.84368608e-01]])}\n",
      "{'C': array([[ 5.84240346e-01, -7.21856178e-03, -1.63917063e-03, ...,\n",
      "         1.16485283e-03, -2.28121721e-05,  2.49219359e-03],\n",
      "       [-7.21856178e-03,  5.84902853e-01, -6.21418569e-03, ...,\n",
      "         1.00815247e-03,  3.34247662e-04,  1.79647325e-03],\n",
      "       [-1.63917063e-03, -6.21418569e-03,  5.86909484e-01, ...,\n",
      "         2.57438387e-03,  3.86660765e-04,  1.86030948e-03],\n",
      "       ...,\n",
      "       [ 1.16485283e-03,  1.00815247e-03,  2.57438387e-03, ...,\n",
      "         5.83748335e-01, -7.55518196e-04, -1.58719703e-03],\n",
      "       [-2.28121721e-05,  3.34247662e-04,  3.86660765e-04, ...,\n",
      "        -7.55518196e-04,  5.83445931e-01, -5.18940007e-04],\n",
      "       [ 2.49219359e-03,  1.79647325e-03,  1.86030948e-03, ...,\n",
      "        -1.58719703e-03, -5.18940007e-04,  5.83853378e-01]])}\n",
      "{'C': array([[ 5.84587992e-01, -7.26816018e-03, -4.63661713e-03, ...,\n",
      "         2.94466488e-04,  1.32643260e-04,  4.52381866e-04],\n",
      "       [-7.26816018e-03,  5.85813510e-01, -9.79078717e-03, ...,\n",
      "         1.06100555e-03,  1.32444966e-04, -7.84120283e-04],\n",
      "       [-4.63661713e-03, -9.79078717e-03,  5.88594501e-01, ...,\n",
      "         7.21418201e-04,  1.30731265e-04,  1.50556883e-03],\n",
      "       ...,\n",
      "       [ 2.94466488e-04,  1.06100555e-03,  7.21418201e-04, ...,\n",
      "         5.84706153e-01, -7.50497684e-04, -1.65924466e-03],\n",
      "       [ 1.32643260e-04,  1.32444966e-04,  1.30731265e-04, ...,\n",
      "        -7.50497684e-04,  5.83469111e-01, -5.83495967e-04],\n",
      "       [ 4.52381866e-04, -7.84120283e-04,  1.50556883e-03, ...,\n",
      "        -1.65924466e-03, -5.83495967e-04,  5.84368608e-01]])}\n",
      "{'C': array([[ 5.83760211e-01, -1.39284526e-03, -4.76419768e-04, ...,\n",
      "        -7.49211342e-04, -1.03660471e-05,  6.54354826e-05],\n",
      "       [-1.39284526e-03,  5.83717135e-01, -2.42461794e-03, ...,\n",
      "        -2.10097945e-04,  3.14745015e-05, -2.20537402e-06],\n",
      "       [-4.76419768e-04, -2.42461794e-03,  5.85159732e-01, ...,\n",
      "         1.33574491e-04,  8.41723106e-05, -1.44039020e-04],\n",
      "       ...,\n",
      "       [-7.49211342e-04, -2.10097945e-04,  1.33574491e-04, ...,\n",
      "         5.83621995e-01, -2.45015670e-04, -2.49300698e-04],\n",
      "       [-1.03660471e-05,  3.14745015e-05,  8.41723106e-05, ...,\n",
      "        -2.45015670e-04,  5.83432581e-01, -4.75181761e-05],\n",
      "       [ 6.54354826e-05, -2.20537402e-06, -1.44039020e-04, ...,\n",
      "        -2.49300698e-04, -4.75181761e-05,  5.83436921e-01]])}\n",
      "{'C': array([[ 5.83593288e-01, -8.05471588e-04, -4.40195744e-04, ...,\n",
      "        -1.18969897e-04,  5.76550062e-05,  3.26124258e-05],\n",
      "       [-8.05471588e-04,  5.83718489e-01, -3.12630172e-03, ...,\n",
      "        -3.95154671e-05,  8.48573070e-05, -1.04083781e-04],\n",
      "       [-4.40195744e-04, -3.12630172e-03,  5.84578550e-01, ...,\n",
      "        -5.35749252e-04,  6.98053305e-05, -1.43876578e-04],\n",
      "       ...,\n",
      "       [-1.18969897e-04, -3.95154671e-05, -5.35749252e-04, ...,\n",
      "         5.83503299e-01, -5.29227247e-05,  2.29551097e-05],\n",
      "       [ 5.76550062e-05,  8.48573070e-05,  6.98053305e-05, ...,\n",
      "        -5.29227247e-05,  5.83432329e-01, -2.48694177e-05],\n",
      "       [ 3.26124258e-05, -1.04083781e-04, -1.43876578e-04, ...,\n",
      "         2.29551097e-05, -2.48694177e-05,  5.83434113e-01]])}\n",
      "{'C': array([[ 5.83903327e-01, -2.68578797e-03, -2.21989860e-03, ...,\n",
      "        -9.53175404e-04,  8.18061502e-05,  4.12997888e-05],\n",
      "       [-2.68578797e-03,  5.84556762e-01, -4.54637047e-03, ...,\n",
      "        -1.18630160e-03,  6.11098200e-05,  8.10507192e-05],\n",
      "       [-2.21989860e-03, -4.54637047e-03,  5.88686011e-01, ...,\n",
      "        -6.53864696e-04,  3.58519046e-05,  5.98957489e-05],\n",
      "       ...,\n",
      "       [-9.53175404e-04, -1.18630160e-03, -6.53864696e-04, ...,\n",
      "         5.83542895e-01, -8.34584906e-05, -9.53783548e-05],\n",
      "       [ 8.18061502e-05,  6.11098200e-05,  3.58519046e-05, ...,\n",
      "        -8.34584906e-05,  5.83432705e-01, -1.37349642e-05],\n",
      "       [ 4.12997888e-05,  8.10507192e-05,  5.98957489e-05, ...,\n",
      "        -9.53783548e-05, -1.37349642e-05,  5.83434071e-01]])}\n",
      "{'C': array([[ 5.83736023e-01, -1.52814387e-03, -7.91341154e-04, ...,\n",
      "        -8.00654080e-06, -1.29046418e-04, -1.54873674e-04],\n",
      "       [-1.52814387e-03,  5.83788158e-01, -1.44349588e-03, ...,\n",
      "        -6.02540524e-04, -2.17463242e-05, -3.59700598e-05],\n",
      "       [-7.91341154e-04, -1.44349588e-03,  5.85706943e-01, ...,\n",
      "         2.77516706e-04,  3.37683377e-05, -1.06592859e-05],\n",
      "       ...,\n",
      "       [-8.00654080e-06, -6.02540524e-04,  2.77516706e-04, ...,\n",
      "         5.83628094e-01,  5.14640723e-05, -3.59216189e-05],\n",
      "       [-1.29046418e-04, -2.17463242e-05,  3.37683377e-05, ...,\n",
      "         5.14640723e-05,  5.83435360e-01, -5.22409404e-05],\n",
      "       [-1.54873674e-04, -3.59700598e-05, -1.06592859e-05, ...,\n",
      "        -3.59216189e-05, -5.22409404e-05,  5.83437830e-01]])}\n",
      "{'C': array([[ 5.84673809e-01, -4.29430531e-03, -2.37586949e-03, ...,\n",
      "         6.04741787e-04, -3.74605298e-05,  1.02284561e-05],\n",
      "       [-4.29430531e-03,  5.84360167e-01, -4.93802535e-03, ...,\n",
      "         1.54600499e-04, -6.41970072e-05, -2.52718474e-04],\n",
      "       [-2.37586949e-03, -4.93802535e-03,  5.85514223e-01, ...,\n",
      "        -4.37008139e-05,  4.80276351e-05, -8.75622928e-05],\n",
      "       ...,\n",
      "       [ 6.04741787e-04,  1.54600499e-04, -4.37008139e-05, ...,\n",
      "         5.84138931e-01, -2.96431864e-04, -2.56342032e-04],\n",
      "       [-3.74605298e-05, -6.41970072e-05,  4.80276351e-05, ...,\n",
      "        -2.96431864e-04,  5.83435416e-01, -8.44975411e-05],\n",
      "       [ 1.02284561e-05, -2.52718474e-04, -8.75622928e-05, ...,\n",
      "        -2.56342032e-04, -8.44975411e-05,  5.83456265e-01]])}\n",
      "{'C': array([[ 5.84444265e-01, -2.52142118e-03, -4.66507311e-03, ...,\n",
      "        -6.21567179e-04, -2.49574359e-04, -2.12909848e-04],\n",
      "       [-2.52142118e-03,  5.84195048e-01, -6.07484518e-03, ...,\n",
      "        -1.18284306e-03, -2.01048419e-04, -7.92684149e-05],\n",
      "       [-4.66507311e-03, -6.07484518e-03,  5.85222056e-01, ...,\n",
      "        -1.35146409e-03, -2.26578758e-05, -1.86127036e-04],\n",
      "       ...,\n",
      "       [-6.21567179e-04, -1.18284306e-03, -1.35146409e-03, ...,\n",
      "         5.85246048e-01, -4.61671444e-04, -6.22368192e-04],\n",
      "       [-2.49574359e-04, -2.01048419e-04, -2.26578758e-05, ...,\n",
      "        -4.61671444e-04,  5.83456410e-01, -2.12337550e-04],\n",
      "       [-2.12909848e-04, -7.92684149e-05, -1.86127036e-04, ...,\n",
      "        -6.22368192e-04, -2.12337550e-04,  5.83460623e-01]])}\n",
      "{'C': array([[ 5.84940411e-01, -1.15988047e-03, -3.86245452e-03, ...,\n",
      "         1.04814781e-03,  2.24704204e-05, -5.19751568e-05],\n",
      "       [-1.15988047e-03,  5.84169453e-01, -2.30529039e-03, ...,\n",
      "        -2.55309900e-03, -1.09737270e-05, -1.23915150e-04],\n",
      "       [-3.86245452e-03, -2.30529039e-03,  5.86851114e-01, ...,\n",
      "         1.58154904e-03,  1.43470789e-04,  4.50773486e-07],\n",
      "       ...,\n",
      "       [ 1.04814781e-03, -2.55309900e-03,  1.58154904e-03, ...,\n",
      "         5.87223733e-01, -1.02545032e-03, -9.65551352e-04],\n",
      "       [ 2.24704204e-05, -1.09737270e-05,  1.43470789e-04, ...,\n",
      "        -1.02545032e-03,  5.83457327e-01, -1.99414626e-04],\n",
      "       [-5.19751568e-05, -1.23915150e-04,  4.50773486e-07, ...,\n",
      "        -9.65551352e-04, -1.99414626e-04,  5.83451155e-01]])}\n",
      "{'C': array([[ 5.84430798e-01, -3.57037704e-03, -4.44633528e-03, ...,\n",
      "        -1.38339899e-03, -7.78289995e-05,  1.73026960e-04],\n",
      "       [-3.57037704e-03,  5.83798105e-01, -2.22994491e-03, ...,\n",
      "         3.55124272e-04, -1.28043250e-04, -3.02058752e-06],\n",
      "       [-4.44633528e-03, -2.22994491e-03,  5.85298134e-01, ...,\n",
      "        -1.69581758e-03, -2.53730088e-04,  1.26024647e-04],\n",
      "       ...,\n",
      "       [-1.38339899e-03,  3.55124272e-04, -1.69581758e-03, ...,\n",
      "         5.85822745e-01, -7.27242057e-04, -7.31888783e-04],\n",
      "       [-7.78289995e-05, -1.28043250e-04, -2.53730088e-04, ...,\n",
      "        -7.27242057e-04,  5.83462056e-01, -6.86708323e-05],\n",
      "       [ 1.73026960e-04, -3.02058752e-06,  1.26024647e-04, ...,\n",
      "        -7.31888783e-04, -6.86708323e-05,  5.83447554e-01]])}\n",
      "{'C': array([[ 5.83965153e-01, -1.73565605e-03, -3.13429314e-03, ...,\n",
      "        -1.27254140e-04,  5.06073606e-05,  7.68198254e-05],\n",
      "       [-1.73565605e-03,  5.83721609e-01, -2.31920229e-03, ...,\n",
      "        -2.96978746e-04, -4.54850147e-05, -1.56911538e-05],\n",
      "       [-3.13429314e-03, -2.31920229e-03,  5.84329162e-01, ...,\n",
      "        -7.92137569e-04,  4.49815935e-05,  5.22292809e-05],\n",
      "       ...,\n",
      "       [-1.27254140e-04, -2.96978746e-04, -7.92137569e-04, ...,\n",
      "         5.83734370e-01, -2.30726730e-04, -2.65181534e-04],\n",
      "       [ 5.06073606e-05, -4.54850147e-05,  4.49815935e-05, ...,\n",
      "        -2.30726730e-04,  5.83434120e-01, -6.14279219e-05],\n",
      "       [ 7.68198254e-05, -1.56911538e-05,  5.22292809e-05, ...,\n",
      "        -2.65181534e-04, -6.14279219e-05,  5.83433482e-01]])}\n",
      "{'C': array([[ 5.86821119e-01, -3.58518718e-03, -9.09051088e-03, ...,\n",
      "         1.23332243e-03,  5.87695498e-05,  2.32554108e-04],\n",
      "       [-3.58518718e-03,  5.85185324e-01, -7.17742346e-03, ...,\n",
      "        -1.11135683e-04,  3.27431058e-06,  1.89893873e-05],\n",
      "       [-9.09051088e-03, -7.17742346e-03,  5.87665503e-01, ...,\n",
      "         2.07236624e-03, -8.50767197e-06,  4.89861727e-05],\n",
      "       ...,\n",
      "       [ 1.23332243e-03, -1.11135683e-04,  2.07236624e-03, ...,\n",
      "         5.85580404e-01, -4.94342705e-04, -5.95306943e-04],\n",
      "       [ 5.87695498e-05,  3.27431058e-06, -8.50767197e-06, ...,\n",
      "        -4.94342705e-04,  5.83476270e-01, -2.17372433e-04],\n",
      "       [ 2.32554108e-04,  1.89893873e-05,  4.89861727e-05, ...,\n",
      "        -5.95306943e-04, -2.17372433e-04,  5.83461401e-01]])}\n",
      "{'C': array([[ 5.83540648e-01, -8.34437732e-04, -1.45868263e-03, ...,\n",
      "        -2.96263271e-05,  4.40631928e-06,  6.14911889e-05],\n",
      "       [-8.34437732e-04,  5.83940371e-01, -5.17912518e-03, ...,\n",
      "         4.18335581e-05,  4.84719982e-05,  2.77860717e-05],\n",
      "       [-1.45868263e-03, -5.17912518e-03,  5.84263964e-01, ...,\n",
      "        -3.35549560e-04, -4.33717742e-05, -1.44750403e-05],\n",
      "       ...,\n",
      "       [-2.96263271e-05,  4.18335581e-05, -3.35549560e-04, ...,\n",
      "         5.83449085e-01, -4.38170432e-05, -8.82656496e-05],\n",
      "       [ 4.40631928e-06,  4.84719982e-05, -4.33717742e-05, ...,\n",
      "        -4.38170432e-05,  5.83431854e-01, -2.59380011e-05],\n",
      "       [ 6.14911889e-05,  2.77860717e-05, -1.44750403e-05, ...,\n",
      "        -8.82656496e-05, -2.59380011e-05,  5.83433535e-01]])}\n",
      "{'C': array([[ 5.83643433e-01, -1.06140796e-03, -1.45582358e-03, ...,\n",
      "        -2.01725598e-04, -1.93215553e-05,  1.22679453e-05],\n",
      "       [-1.06140796e-03,  5.84152351e-01, -4.34925734e-03, ...,\n",
      "         1.60030215e-04,  9.23490491e-05,  1.93218371e-04],\n",
      "       [-1.45582358e-03, -4.34925734e-03,  5.84036143e-01, ...,\n",
      "        -9.71618777e-05, -4.99968996e-06,  9.01347285e-05],\n",
      "       ...,\n",
      "       [-2.01725598e-04,  1.60030215e-04, -9.71618777e-05, ...,\n",
      "         5.83467837e-01, -1.20682106e-04, -1.02591604e-04],\n",
      "       [-1.93215553e-05,  9.23490491e-05, -4.99968996e-06, ...,\n",
      "        -1.20682106e-04,  5.83436858e-01, -6.37987130e-05],\n",
      "       [ 1.22679453e-05,  1.93218371e-04,  9.01347285e-05, ...,\n",
      "        -1.02591604e-04, -6.37987130e-05,  5.83440056e-01]])}\n",
      "{'C': array([[ 5.83607378e-01, -2.87477104e-03, -2.45295235e-03, ...,\n",
      "        -1.68417240e-04, -9.03906522e-05, -4.08358539e-05],\n",
      "       [-2.87477104e-03,  5.84596821e-01, -8.16072567e-03, ...,\n",
      "        -1.04112073e-04, -3.67963622e-05,  1.68421204e-06],\n",
      "       [-2.45295235e-03, -8.16072567e-03,  5.84257940e-01, ...,\n",
      "        -8.01352977e-05, -3.32163915e-05, -1.91081803e-05],\n",
      "       ...,\n",
      "       [-1.68417240e-04, -1.04112073e-04, -8.01352977e-05, ...,\n",
      "         5.83443011e-01, -6.69702976e-05, -3.70384251e-05],\n",
      "       [-9.03906522e-05, -3.67963622e-05, -3.32163915e-05, ...,\n",
      "        -6.69702976e-05,  5.83431746e-01, -1.60438435e-05],\n",
      "       [-4.08358539e-05,  1.68421204e-06, -1.91081803e-05, ...,\n",
      "        -3.70384251e-05, -1.60438435e-05,  5.83431733e-01]])}\n",
      "{'C': array([[ 5.83528389e-01, -2.26636464e-03, -1.83706017e-03, ...,\n",
      "        -1.40461030e-04, -2.15531950e-05, -1.45250073e-05],\n",
      "       [-2.26636464e-03,  5.87264667e-01, -1.38582927e-02, ...,\n",
      "         8.97283515e-05, -6.60670621e-05, -6.53638709e-05],\n",
      "       [-1.83706017e-03, -1.38582927e-02,  5.85401384e-01, ...,\n",
      "        -4.58319466e-04, -1.00567953e-04, -1.05769401e-04],\n",
      "       ...,\n",
      "       [-1.40461030e-04,  8.97283515e-05, -4.58319466e-04, ...,\n",
      "         5.83451857e-01, -6.33872959e-05, -4.02407416e-05],\n",
      "       [-2.15531950e-05, -6.60670621e-05, -1.00567953e-04, ...,\n",
      "        -6.33872959e-05,  5.83431388e-01, -1.05521329e-05],\n",
      "       [-1.45250073e-05, -6.53638709e-05, -1.05769401e-04, ...,\n",
      "        -4.02407416e-05, -1.05521329e-05,  5.83431265e-01]])}\n",
      "{'C': array([[ 5.83790851e-01, -6.76733358e-03, -3.93957346e-03, ...,\n",
      "         1.24213573e-05, -3.48756609e-05,  1.86016769e-05],\n",
      "       [-6.76733358e-03,  5.88111201e-01, -1.53911390e-02, ...,\n",
      "        -6.64596812e-05, -1.62400212e-04,  4.62865294e-05],\n",
      "       [-3.93957346e-03, -1.53911390e-02,  5.85192857e-01, ...,\n",
      "         9.06124321e-05, -1.73157796e-04,  4.21156534e-06],\n",
      "       ...,\n",
      "       [ 1.24213573e-05, -6.64596812e-05,  9.06124321e-05, ...,\n",
      "         5.83467549e-01, -7.11534551e-05, -4.78112446e-05],\n",
      "       [-3.48756609e-05, -1.62400212e-04, -1.73157796e-04, ...,\n",
      "        -7.11534551e-05,  5.83433121e-01, -2.83607905e-05],\n",
      "       [ 1.86016769e-05,  4.62865294e-05,  4.21156534e-06, ...,\n",
      "        -4.78112446e-05, -2.83607905e-05,  5.83432153e-01]])}\n",
      "{'C': array([[ 5.83477372e-01, -3.72962934e-04,  1.24383074e-05, ...,\n",
      "         2.94079493e-05,  7.20018718e-06,  1.91409471e-07],\n",
      "       [-3.72962934e-04,  5.83483386e-01, -9.26258658e-04, ...,\n",
      "        -9.97015197e-06, -1.17963076e-05,  4.48871529e-06],\n",
      "       [ 1.24383074e-05, -9.26258658e-04,  5.84520653e-01, ...,\n",
      "         7.21646956e-05, -1.59132614e-05,  7.50397618e-05],\n",
      "       ...,\n",
      "       [ 2.94079493e-05, -9.97015197e-06,  7.21646956e-05, ...,\n",
      "         5.83433256e-01, -3.68967421e-05, -2.48834762e-05],\n",
      "       [ 7.20018718e-06, -1.17963076e-05, -1.59132614e-05, ...,\n",
      "        -3.68967421e-05,  5.83430981e-01, -1.04521101e-05],\n",
      "       [ 1.91409471e-07,  4.48871529e-06,  7.50397618e-05, ...,\n",
      "        -2.48834762e-05, -1.04521101e-05,  5.83431304e-01]])}\n",
      "{'C': array([[ 5.83534181e-01, -1.54543691e-03, -9.41113800e-04, ...,\n",
      "        -1.02252151e-04,  4.04824095e-06,  1.25355427e-05],\n",
      "       [-1.54543691e-03,  5.83547012e-01, -9.81302133e-04, ...,\n",
      "        -7.38853375e-05, -3.60558529e-05,  1.08588979e-05],\n",
      "       [-9.41113800e-04, -9.81302133e-04,  5.83745166e-01, ...,\n",
      "        -4.49957501e-05,  1.45172480e-05, -3.26653782e-05],\n",
      "       ...,\n",
      "       [-1.02252151e-04, -7.38853375e-05, -4.49957501e-05, ...,\n",
      "         5.83435511e-01, -2.80569210e-05, -3.50587185e-05],\n",
      "       [ 4.04824095e-06, -3.60558529e-05,  1.45172480e-05, ...,\n",
      "        -2.80569210e-05,  5.83430883e-01, -1.09091429e-05],\n",
      "       [ 1.25355427e-05,  1.08588979e-05, -3.26653782e-05, ...,\n",
      "        -3.50587185e-05, -1.09091429e-05,  5.83430980e-01]])}\n",
      "{'C': array([[ 5.83483334e-01, -6.40824593e-04, -3.27647244e-04, ...,\n",
      "         2.82560110e-05,  3.93350785e-05,  2.88449778e-05],\n",
      "       [-6.40824593e-04,  5.83480056e-01, -4.40441554e-04, ...,\n",
      "        -3.96893436e-05,  2.29300348e-05,  4.38154668e-05],\n",
      "       [-3.27647244e-04, -4.40441554e-04,  5.83764265e-01, ...,\n",
      "         1.41584743e-04, -7.03514370e-06, -9.02517138e-06],\n",
      "       ...,\n",
      "       [ 2.82560110e-05, -3.96893436e-05,  1.41584743e-04, ...,\n",
      "         5.83434578e-01, -4.48964069e-06, -1.33796833e-06],\n",
      "       [ 3.93350785e-05,  2.29300348e-05, -7.03514370e-06, ...,\n",
      "        -4.48964069e-06,  5.83431016e-01, -1.89881996e-05],\n",
      "       [ 2.88449778e-05,  4.38154668e-05, -9.02517138e-06, ...,\n",
      "        -1.33796833e-06, -1.89881996e-05,  5.83431165e-01]])}\n",
      "{'C': array([[ 5.83736449e-01, -1.52964747e-03, -1.76864808e-03, ...,\n",
      "         6.69052613e-05,  1.68446015e-05,  9.35517889e-05],\n",
      "       [-1.52964747e-03,  5.83684367e-01, -1.43712718e-03, ...,\n",
      "         5.05774184e-05,  3.82967630e-05,  1.03742381e-05],\n",
      "       [-1.76864808e-03, -1.43712718e-03,  5.84834131e-01, ...,\n",
      "        -3.23559372e-05,  5.40061245e-05, -8.43575143e-05],\n",
      "       ...,\n",
      "       [ 6.69052613e-05,  5.05774184e-05, -3.23559372e-05, ...,\n",
      "         5.83448484e-01, -7.41209619e-05, -6.30979715e-05],\n",
      "       [ 1.68446015e-05,  3.82967630e-05,  5.40061245e-05, ...,\n",
      "        -7.41209619e-05,  5.83431786e-01, -2.42819467e-05],\n",
      "       [ 9.35517889e-05,  1.03742381e-05, -8.43575143e-05, ...,\n",
      "        -6.30979715e-05, -2.42819467e-05,  5.83432681e-01]])}\n",
      "{'C': array([[ 5.83490288e-01, -3.47151469e-04, -9.70357640e-05, ...,\n",
      "         3.00006943e-05, -2.69429922e-05, -1.19127307e-06],\n",
      "       [-3.47151469e-04,  5.83511114e-01, -8.63067034e-04, ...,\n",
      "        -2.81602548e-04, -4.66394521e-05, -1.02665338e-04],\n",
      "       [-9.70357640e-05, -8.63067034e-04,  5.83932084e-01, ...,\n",
      "        -1.21009239e-04, -2.03229151e-05, -4.29752658e-06],\n",
      "       ...,\n",
      "       [ 3.00006943e-05, -2.81602548e-04, -1.21009239e-04, ...,\n",
      "         5.83463266e-01, -8.11775732e-05, -1.18774866e-04],\n",
      "       [-2.69429922e-05, -4.66394521e-05, -2.03229151e-05, ...,\n",
      "        -8.11775732e-05,  5.83433774e-01, -4.13477201e-05],\n",
      "       [-1.19127307e-06, -1.02665338e-04, -4.29752658e-06, ...,\n",
      "        -1.18774866e-04, -4.13477201e-05,  5.83439178e-01]])}\n",
      "{'C': array([[ 5.88081615e-01, -1.45965499e-02, -3.91313536e-03, ...,\n",
      "        -5.63764467e-03, -5.18865566e-04, -6.82545822e-04],\n",
      "       [-1.45965499e-02,  5.88892181e-01, -5.22855568e-03, ...,\n",
      "        -2.70246845e-03, -5.23377459e-04, -6.96157295e-04],\n",
      "       [-3.91313536e-03, -5.22855568e-03,  5.86451590e-01, ...,\n",
      "        -1.77531914e-03,  5.65714362e-05, -5.00336969e-06],\n",
      "       ...,\n",
      "       [-5.63764467e-03, -2.70246845e-03, -1.77531914e-03, ...,\n",
      "         5.87368083e-01, -1.94872017e-03, -7.39682364e-04],\n",
      "       [-5.18865566e-04, -5.23377459e-04,  5.65714362e-05, ...,\n",
      "        -1.94872017e-03,  5.83537340e-01, -9.38494776e-04],\n",
      "       [-6.82545822e-04, -6.96157295e-04, -5.00336969e-06, ...,\n",
      "        -7.39682364e-04, -9.38494776e-04,  5.83694519e-01]])}\n",
      "{'C': array([[ 5.86401961e-01, -2.28502304e-03, -1.57195816e-03, ...,\n",
      "         4.90335394e-04, -6.82282267e-05,  4.06278537e-04],\n",
      "       [-2.28502304e-03,  5.85993892e-01, -5.79530644e-03, ...,\n",
      "         6.93017924e-04, -1.23148575e-04, -2.49974840e-04],\n",
      "       [-1.57195816e-03, -5.79530644e-03,  5.88353937e-01, ...,\n",
      "         6.12061370e-04, -3.67488475e-05,  5.53336432e-04],\n",
      "       ...,\n",
      "       [ 4.90335394e-04,  6.93017924e-04,  6.12061370e-04, ...,\n",
      "         5.85074612e-01,  2.99862200e-04,  7.94878432e-06],\n",
      "       [-6.82282267e-05, -1.23148575e-04, -3.67488475e-05, ...,\n",
      "         2.99862200e-04,  5.83488061e-01, -1.66124546e-04],\n",
      "       [ 4.06278537e-04, -2.49974840e-04,  5.53336432e-04, ...,\n",
      "         7.94878432e-06, -1.66124546e-04,  5.83531407e-01]])}\n",
      "{'C': array([[ 5.86933675e-01, -7.96561520e-03, -4.36574838e-03, ...,\n",
      "         2.60143575e-04,  2.64139849e-05,  1.07283362e-04],\n",
      "       [-7.96561520e-03,  5.90743089e-01, -1.14666534e-02, ...,\n",
      "        -3.68726018e-03, -2.78421125e-04, -3.44088923e-04],\n",
      "       [-4.36574838e-03, -1.14666534e-02,  5.94239719e-01, ...,\n",
      "         7.36449653e-05,  2.04741088e-04, -4.34143764e-05],\n",
      "       ...,\n",
      "       [ 2.60143575e-04, -3.68726018e-03,  7.36449653e-05, ...,\n",
      "         5.87483806e-01, -5.71368603e-04, -7.84699203e-04],\n",
      "       [ 2.64139849e-05, -2.78421125e-04,  2.04741088e-04, ...,\n",
      "        -5.71368603e-04,  5.83636935e-01, -3.63998584e-04],\n",
      "       [ 1.07283362e-04, -3.44088923e-04, -4.34143764e-05, ...,\n",
      "        -7.84699203e-04, -3.63998584e-04,  5.83699197e-01]])}\n",
      "{'C': array([[ 5.88497507e-01, -1.35808614e-02, -1.12377053e-02, ...,\n",
      "        -3.39472338e-04, -4.82350417e-04, -2.25024631e-04],\n",
      "       [-1.35808614e-02,  5.92459202e-01, -1.82674908e-02, ...,\n",
      "        -8.26438525e-04, -1.84955140e-04, -6.41684867e-04],\n",
      "       [-1.12377053e-02, -1.82674908e-02,  5.96060093e-01, ...,\n",
      "         1.58795979e-03,  8.16719822e-05, -4.88579794e-05],\n",
      "       ...,\n",
      "       [-3.39472338e-04, -8.26438525e-04,  1.58795979e-03, ...,\n",
      "         5.84112683e-01, -2.20628549e-04, -2.53303486e-04],\n",
      "       [-4.82350417e-04, -1.84955140e-04,  8.16719822e-05, ...,\n",
      "        -2.20628549e-04,  5.83491163e-01, -1.59273476e-04],\n",
      "       [-2.25024631e-04, -6.41684867e-04, -4.88579794e-05, ...,\n",
      "        -2.53303486e-04, -1.59273476e-04,  5.83592239e-01]])}\n",
      "{'C': array([[ 5.85861642e-01, -6.92816339e-03, -4.60987333e-03, ...,\n",
      "        -3.25368082e-03,  1.74704694e-05, -1.29343848e-04],\n",
      "       [-6.92816339e-03,  5.87300327e-01, -8.35632136e-03, ...,\n",
      "        -3.04366190e-03,  2.21641211e-05, -1.44577930e-04],\n",
      "       [-4.60987333e-03, -8.35632136e-03,  5.90747545e-01, ...,\n",
      "         1.96519026e-03, -3.23640647e-05, -2.52479624e-04],\n",
      "       ...,\n",
      "       [-3.25368082e-03, -3.04366190e-03,  1.96519026e-03, ...,\n",
      "         5.86291175e-01, -9.78385100e-04, -1.80826695e-03],\n",
      "       [ 1.74704694e-05,  2.21641211e-05, -3.23640647e-05, ...,\n",
      "        -9.78385100e-04,  5.83506885e-01, -5.84740876e-04],\n",
      "       [-1.29343848e-04, -1.44577930e-04, -2.52479624e-04, ...,\n",
      "        -1.80826695e-03, -5.84740876e-04,  5.83662078e-01]])}\n",
      "{'C': array([[ 5.85357466e-01, -3.78279398e-03, -2.80744417e-03, ...,\n",
      "        -2.03740905e-03, -7.29910253e-05, -1.66230475e-04],\n",
      "       [-3.78279398e-03,  5.83731508e-01, -4.32517275e-04, ...,\n",
      "        -2.67428537e-04,  3.25338940e-06, -1.17670115e-04],\n",
      "       [-2.80744417e-03, -4.32517275e-04,  5.83815510e-01, ...,\n",
      "        -9.63107549e-05, -4.67774182e-05, -3.39645898e-05],\n",
      "       ...,\n",
      "       [-2.03740905e-03, -2.67428537e-04, -9.63107549e-05, ...,\n",
      "         5.83630094e-01, -2.80546364e-04, -2.19666825e-04],\n",
      "       [-7.29910253e-05,  3.25338940e-06, -4.67774182e-05, ...,\n",
      "        -2.80546364e-04,  5.83435470e-01, -7.30826728e-06],\n",
      "       [-1.66230475e-04, -1.17670115e-04, -3.39645898e-05, ...,\n",
      "        -2.19666825e-04, -7.30826728e-06,  5.83433380e-01]])}\n",
      "{'C': array([[ 5.84320578e-01, -1.14466127e-03, -1.91393883e-03, ...,\n",
      "         3.87042950e-04,  7.86595455e-05,  1.63430121e-04],\n",
      "       [-1.14466127e-03,  5.83590696e-01, -9.41424050e-04, ...,\n",
      "        -1.47824246e-04, -6.39610275e-05,  6.37818476e-05],\n",
      "       [-1.91393883e-03, -9.41424050e-04,  5.83829225e-01, ...,\n",
      "         5.43981570e-04,  5.24299076e-05,  8.87709402e-06],\n",
      "       ...,\n",
      "       [ 3.87042950e-04, -1.47824246e-04,  5.43981570e-04, ...,\n",
      "         5.83822356e-01, -2.81682555e-04, -1.01878400e-04],\n",
      "       [ 7.86595455e-05, -6.39610275e-05,  5.24299076e-05, ...,\n",
      "        -2.81682555e-04,  5.83435948e-01,  3.40858574e-05],\n",
      "       [ 1.63430121e-04,  6.37818476e-05,  8.87709402e-06, ...,\n",
      "        -1.01878400e-04,  3.40858574e-05,  5.83436237e-01]])}\n",
      "{'C': array([[ 5.85610997e-01, -1.53252763e-03, -3.44979341e-03, ...,\n",
      "         1.29596967e-04,  3.27653555e-04,  1.51611521e-04],\n",
      "       [-1.53252763e-03,  5.83575406e-01, -1.14408456e-03, ...,\n",
      "         4.48381302e-04,  2.70703538e-05,  1.97573504e-05],\n",
      "       [-3.44979341e-03, -1.14408456e-03,  5.83975155e-01, ...,\n",
      "        -3.31485973e-04,  8.14369651e-05, -4.72949042e-05],\n",
      "       ...,\n",
      "       [ 1.29596967e-04,  4.48381302e-04, -3.31485973e-04, ...,\n",
      "         5.83553520e-01, -3.40500599e-05, -2.21258462e-05],\n",
      "       [ 3.27653555e-04,  2.70703538e-05,  8.14369651e-05, ...,\n",
      "        -3.40500599e-05,  5.83439955e-01,  5.02522453e-06],\n",
      "       [ 1.51611521e-04,  1.97573504e-05, -4.72949042e-05, ...,\n",
      "        -2.21258462e-05,  5.02522453e-06,  5.83438388e-01]])}\n",
      "{'C': array([[ 5.84300047e-01, -1.86164599e-04, -2.85088037e-03, ...,\n",
      "         3.09919731e-04, -1.74578542e-05,  1.41629854e-05],\n",
      "       [-1.86164599e-04,  5.83588612e-01, -1.31163210e-03, ...,\n",
      "         9.62873775e-07, -1.04592917e-05, -2.22370902e-05],\n",
      "       [-2.85088037e-03, -1.31163210e-03,  5.83807936e-01, ...,\n",
      "         1.10598190e-04,  1.69718241e-04, -6.27880990e-05],\n",
      "       ...,\n",
      "       [ 3.09919731e-04,  9.62873775e-07,  1.10598190e-04, ...,\n",
      "         5.83931128e-01, -9.94624274e-05, -3.27408045e-05],\n",
      "       [-1.74578542e-05, -1.04592917e-05,  1.69718241e-04, ...,\n",
      "        -9.94624274e-05,  5.83438570e-01, -3.61379298e-05],\n",
      "       [ 1.41629854e-05, -2.22370902e-05, -6.27880990e-05, ...,\n",
      "        -3.27408045e-05, -3.61379298e-05,  5.83432637e-01]])}\n",
      "{'C': array([[ 5.84227255e-01, -9.13580574e-04, -1.82817804e-03, ...,\n",
      "        -1.31096244e-04, -9.56545006e-05, -1.47054655e-05],\n",
      "       [-9.13580574e-04,  5.83513625e-01, -1.03814114e-03, ...,\n",
      "        -3.20460414e-04, -5.25920448e-05, -1.20292299e-06],\n",
      "       [-1.82817804e-03, -1.03814114e-03,  5.83849837e-01, ...,\n",
      "        -4.71507656e-04,  4.10904910e-05, -4.96377389e-05],\n",
      "       ...,\n",
      "       [-1.31096244e-04, -3.20460414e-04, -4.71507656e-04, ...,\n",
      "         5.83762194e-01, -4.03998234e-05, -9.51000412e-05],\n",
      "       [-9.56545006e-05, -5.25920448e-05,  4.10904910e-05, ...,\n",
      "        -4.03998234e-05,  5.83432846e-01,  8.11778454e-06],\n",
      "       [-1.47054655e-05, -1.20292299e-06, -4.96377389e-05, ...,\n",
      "        -9.51000412e-05,  8.11778454e-06,  5.83431739e-01]])}\n",
      "{'C': array([[ 5.85686849e-01, -2.16590699e-03, -2.34570712e-03, ...,\n",
      "        -4.70679013e-04,  5.84249548e-05,  2.25842445e-04],\n",
      "       [-2.16590699e-03,  5.84333274e-01, -1.47358948e-03, ...,\n",
      "         2.08611671e-04,  2.35979875e-05,  4.06065200e-05],\n",
      "       [-2.34570712e-03, -1.47358948e-03,  5.86042512e-01, ...,\n",
      "        -7.56000443e-04, -1.04612709e-04, -1.51595586e-04],\n",
      "       ...,\n",
